[255,255,255] [255,255,255] [255,255,255] [255,255,255] [255,255,255] [255,255,255] [255,255,255] [255,255,255] [255,255,255] [255,255,255] [255,255,255] [255,255,255] [255,255,255] [255,255,255] [255,255,255] [255,255,255] [255,255,255] [255,255,255] [255,255,255] [255,255,255] [255,255,255] [255,255,255] [0,0,255] [255,255,255] [255,255,255] 
[0,0,255] [255,255,255] [255,255,255] [0,0,255] [255,255,255] [255,255,255] [255,255,255] [0,0,255] [255,255,255] [255,255,255] [255,255,255] [255,255,255] [255,255,255] [0,0,255] [255,255,255] [255,255,255] [255,255,255] [255,255,255] [0,0,255] [255,255,255] [255,255,255] [255,255,255] [255,255,255] [0,0,255] [255,255,255] 
[255,255,255] [255,255,255] [255,255,255] [255,255,255] [255,255,255] [255,255,255] [255,255,255] [255,255,255] [255,255,255] [255,255,255] [255,255,255] [255,255,255] [255,255,255] [255,255,255] [255,255,255] [255,255,255] [255,255,255] [255,255,255] [255,255,255] [255,255,255] [255,255,255] [255,255,255] [255,255,255] [255,255,255] [255,255,255] 
[255,255,255] [255,255,255] [255,255,255] [255,255,255] [255,255,255] [255,255,255] [255,255,255] [255,255,255] [255,255,255] [255,255,255] [255,255,255] [255,255,255] [255,255,255] [255,255,255] [255,255,255] [255,255,255] [255,255,255] [255,255,255] [255,255,255] [255,255,255] [255,255,255] [255,255,255] [255,255,255] [0,0,255] [255,255,255] 
[255,255,255] [255,255,255] [255,255,255] [255,255,255] [255,255,255] [255,255,255] [255,255,255] [255,255,255] [255,255,255] [255,255,255] [255,255,255] [255,255,255] [255,255,255] [255,255,255] [255,255,255] [255,255,255] [255,255,255] [255,255,255] [255,255,255] [255,255,255] [255,255,255] [255,255,255] [255,255,255] [255,255,255] [255,255,255] 
[255,255,255] [255,255,255] [255,255,255] [255,255,255] [255,255,255] [255,255,255] [255,255,255] [255,255,255] [255,255,255] [255,255,255] [255,255,255] [255,255,255] [255,255,255] [255,255,255] [255,255,255] [255,255,255] [255,255,255] [255,255,255] [255,255,255] [255,255,255] [255,255,255] [255,255,255] [255,255,255] [255,255,255] [255,255,255] 
[255,255,255] [255,255,255] [255,255,255] [255,255,255] [255,255,255] [255,255,255] [255,255,255] [255,255,255] [255,255,255] [255,255,255] [255,255,255] [255,255,255] [255,255,255] [255,255,255] [255,255,255] [255,255,255] [255,255,255] [255,255,255] [255,255,255] [255,255,255] [255,255,255] [255,255,255] [0,0,255] [255,255,255] [255,255,255] 
[255,255,255] [255,255,255] [255,255,255] [0,0,255] [255,255,255] [255,255,255] [255,255,255] [255,255,255] [255,255,255] [255,255,255] [255,255,255] [255,255,255] [255,255,255] [255,255,255] [255,255,255] [255,255,255] [255,255,255] [255,255,255] [255,255,255] [255,255,255] [255,255,255] [255,255,255] [255,255,255] [255,255,255] [255,255,255] 
[255,255,255] [255,255,255] [255,255,255] [255,255,255] [255,255,255] [255,255,255] [255,255,255] [255,255,255] [255,255,255] [255,255,255] [255,255,255] [255,255,255] [255,255,255] [255,255,255] [0,0,255] [255,255,255] [255,255,255] [255,255,255] [255,255,255] [255,255,255] [255,255,255] [255,255,255] [255,255,255] [255,255,255] [255,255,255] 
[255,255,255] [255,255,255] [255,255,255] [255,255,255] [255,255,255] [0,0,255] [255,255,255] [255,255,255] [255,255,255] [255,255,255] [255,255,255] [255,255,255] [255,255,255] [255,255,255] [255,255,255] [255,255,255] [255,255,255] [255,255,255] [255,255,255] [255,255,255] [255,255,255] [255,255,255] [255,255,255] [255,255,255] [255,255,255] 
[255,255,255] [255,255,255] [255,255,255] [255,255,255] [255,255,255] [255,255,255] [255,255,255] [255,255,255] [255,255,255] [255,255,255] [255,255,255] [255,255,255] [255,255,255] [255,255,255] [0,0,255] [255,255,255] [255,255,255] [224,169,204] [224,169,204] [255,255,255] [255,255,255] [255,255,255] [255,255,255] [255,255,255] [255,255,255] 
[255,255,255] [255,255,255] [255,255,255] [255,255,255] [255,255,255] [255,255,255] [255,255,255] [255,255,255] [255,255,255] [255,255,255] [255,255,255] [255,255,255] [255,255,255] [255,255,255] [255,255,255] [255,255,255] [255,255,255] [60,101,199] [60,101,199] [255,255,255] [255,255,255] [255,255,255] [255,255,255] [255,255,255] [255,255,255] 
[255,255,255] [255,255,255] [255,255,255] [255,255,255] [255,255,255] [255,255,255] [255,255,255] [255,255,255] [255,255,255] [255,255,255] [0,0,255] [255,255,255] [255,255,255] [255,255,255] [255,255,255] [255,255,255] [255,255,255] [129,196,255] [129,196,255] [255,255,255] [255,255,255] [255,255,255] [255,255,255] [255,255,255] [255,255,255] 
[255,255,255] [255,255,255] [255,255,255] [255,255,255] [255,255,255] [255,255,255] [255,255,255] [255,255,255] [255,255,255] [255,255,255] [255,255,255] [255,255,255] [255,255,255] [255,255,255] [255,255,255] [255,255,255] [255,255,255] [255,255,255] [255,255,255] [255,255,255] [255,255,255] [255,255,255] [255,255,255] [255,255,255] [255,255,255] 
[255,255,255] [255,255,255] [255,255,255] [255,255,255] [255,255,255] [255,255,255] [255,255,255] [255,255,255] [255,255,255] [255,255,255] [255,255,255] [255,255,255] [255,255,255] [255,255,255] [255,255,255] [255,255,255] [255,255,255] [255,255,255] [255,255,255] [255,255,255] [255,255,255] [255,255,255] [255,255,255] [255,255,255] [255,255,255] 
[255,255,255] [255,255,255] [255,255,255] [255,255,255] [255,255,255] [255,255,255] [255,255,255] [255,255,255] [255,255,255] [255,255,255] [255,255,255] [255,255,255] [255,255,255] [255,255,255] [255,255,255] [255,255,255] [255,255,255] [255,255,255] [255,255,255] [255,255,255] [255,255,255] [255,255,255] [255,255,255] [255,255,255] [255,255,255] 
[255,255,255] [255,255,255] [255,255,255] [255,255,255] [255,255,255] [255,255,255] [255,255,255] [255,255,255] [255,255,255] [255,255,255] [255,255,255] [255,255,255] [255,255,255] [255,255,255] [255,255,255] [255,255,255] [255,255,255] [255,255,255] [255,255,255] [255,255,255] [255,255,255] [255,255,255] [255,255,255] [255,255,255] [255,255,255] 
[255,255,255] [255,255,255] [255,255,255] [255,255,255] [255,255,255] [255,255,255] [255,255,255] [255,255,255] [255,255,255] [255,255,255] [255,255,255] [255,255,255] [255,255,255] [255,255,255] [255,255,255] [0,0,255] [255,255,255] [255,255,255] [255,255,255] [255,255,255] [255,255,255] [255,255,255] [255,255,255] [255,255,255] [255,255,255] 
[255,255,255] [255,255,255] [255,255,255] [255,255,255] [255,255,255] [255,255,255] [255,255,255] [255,255,255] [255,255,255] [255,255,255] [255,255,255] [255,255,255] [255,255,255] [255,255,255] [255,255,255] [255,255,255] [255,255,255] [255,255,255] [255,255,255] [255,255,255] [255,255,255] [255,255,255] [255,255,255] [255,255,255] [255,255,255] 
[255,255,255] [255,255,255] [255,255,255] [255,255,255] [255,255,255] [255,255,255] [255,255,255] [255,255,255] [255,255,255] [255,255,255] [255,255,255] [255,255,255] [255,255,255] [255,255,255] [255,255,255] [255,255,255] [255,255,255] [255,255,255] [255,255,255] [255,255,255] [255,255,255] [255,255,255] [255,255,255] [255,255,255] [255,255,255] 
[255,255,255] [255,255,255] [255,255,255] [255,255,255] [255,255,255] [255,255,255] [255,255,255] [255,255,255] [255,255,255] [255,255,255] [255,255,255] [255,255,255] [255,255,255] [255,255,255] [255,255,255] [255,255,255] [255,255,255] [255,255,255] [255,255,255] [255,255,255] [255,255,255] [255,255,255] [0,0,255] [255,255,255] [255,255,255] 
[255,255,255] [255,255,255] [255,255,255] [255,255,255] [255,255,255] [255,255,255] [255,255,255] [255,255,255] [255,255,255] [255,255,255] [255,255,255] [255,255,255] [255,255,255] [255,255,255] [255,255,255] [255,255,255] [255,255,255] [0,0,255] [255,255,255] [255,255,255] [255,255,255] [255,255,255] [255,255,255] [255,255,255] [255,255,255] 
[255,255,255] [255,255,255] [255,255,255] [255,255,255] [255,255,255] [255,255,255] [255,255,255] [255,255,255] [255,255,255] [255,255,255] [255,255,255] [255,255,255] [255,255,255] [255,255,255] [255,255,255] [255,255,255] [255,255,255] [0,0,255] [255,255,255] [255,255,255] [255,255,255] [255,255,255] [255,255,255] [255,255,255] [255,255,255] 
[255,255,255] [255,255,255] [255,255,255] [255,255,255] [255,255,255] [255,255,255] [255,255,255] [255,255,255] [255,255,255] [255,255,255] [255,255,255] [255,255,255] [255,255,255] [255,255,255] [255,255,255] [255,255,255] [255,255,255] [255,255,255] [255,255,255] [255,255,255] [255,255,255] [255,255,255] [255,255,255] [255,255,255] [255,255,255] 
[255,255,255] [255,255,255] [255,255,255] [255,255,255] [255,255,255] [255,255,255] [255,255,255] [255,255,255] [255,255,255] [255,255,255] [255,255,255] [255,255,255] [255,255,255] [255,255,255] [255,255,255] [255,255,255] [255,255,255] [255,255,255] [255,255,255] [255,255,255] [255,255,255] [255,255,255] [255,255,255] [255,255,255] [255,255,255] 
